time,x,y,z,phi,theta,psi,x_velocity,y_velocity,z_velocity,phi_velocity,theta_velocity,psi_velocity,rotor_speed1,rotor_speed2,rotor_speed3,rotor_speed4
0.06,-6.574805888559314e-07,2.9543760519909393e-07,10.000429213454195,0.0003113561162031431,0.0005859984109344296,0.0,-5.250180586909212e-05,2.5200512066675343e-05,0.014306869361213134,0.01394719333418053,0.02435649949400168,0.0,408.0515164620745,410.21959487605136,407.859948169283,409.1034042284857
0.12000000000000001,-1.973377487044668e-05,1.036603124883443e-05,10.002157175660574,0.0009107325594870375,0.0021193911876231653,0.0,-0.0007204692884520008,0.0003775482830905559,0.043290707292436316,0.0005869394291588594,0.027854355579260668,0.0,414.0335536039969,414.34129568575304,413.91447737903485,412.73714619694147
0.18,-0.0001206173685227676,5.506937744016063e-05,10.010857071635778,0.0004568229079486841,0.0037178908950590284,0.0,-0.0028342181585999616,0.0010994224643713292,0.24668271767307937,-0.033620694974238384,0.024099112609988656,0.0,469.17562677857455,468.88414743194693,469.43433018171766,466.77289219628517
0.23999999999999996,-0.0003752950439429054,0.00012302720212086627,10.02925250350999,6.281841051940971,0.005024562913370723,0.0,-0.0057998271043486595,0.0009663575916587241,0.36646620608903363,-0.023643276061791448,0.016676783002146624,0.0,443.4791020742457,442.8691395287364,442.8470391410604,443.6665333742009
0.3,-0.0008256707779750053,0.000149683897849586,10.053250858266289,6.280701992120136,0.0057783205629204915,0.0,-0.009299352116248551,-0.00020066903891076334,0.43345473557636177,-0.010999380278382959,0.0027085485379581744,0.0,428.11324343744076,426.92317028128156,424.8480348160794,425.9305847444316
0.36000000000000004,-0.0014919864861937856,8.932248750491228e-05,10.080219808723868,6.280256383966009,0.006161762211869259,0.0,-0.012937000550808174,-0.0018614191379613524,0.46549719731441347,-0.0010984266413825152,0.012891164645346433,0.0,413.9899962831574,414.88476225067666,415.1064651213759,415.97436002491156
0.4200000000000001,-0.0024172230764516254,-9.142141882531573e-05,10.113938076212264,6.280015562819413,0.007689310986302544,0.0,-0.01804558962026236,-0.004179987210862591,0.6583524091277034,-0.010596316600070297,0.04302556789954276,0.0,464.8167644030625,467.17208950346594,465.7595798549093,465.0163512894397
0.48000000000000015,-0.003666896173304984,-0.00040952333626856965,10.156230038190943,6.279093748574187,0.010011243711448792,0.0,-0.0238591153770812,-0.006499528485448472,0.7513202246432767,-0.02719287458862448,0.02822165727781213,0.0,435.8349200815075,434.5967885525821,435.7478008489055,434.35843940642553
0.5400000000000001,-0.005348799593303039,-0.0009057603586291917,10.207881344689435,6.277634054969976,0.011854678995088186,0.0,-0.03241471801822779,-0.010225215751328239,0.9702266093822263,-0.019139993300340812,0.03530902870011356,0.0,474.0358054416513,474.58028986168387,472.86931352591085,473.48911248772356
0.6000000000000002,-0.007518820540175667,-0.0016252862546389509,10.266823945371032,6.276438048923037,0.013756760523293998,0.0,-0.04010272260392149,-0.01386523386447514,0.9945026937044491,-0.02156935128530573,0.023282177212698894,0.0,413.604651409383,412.54463313552145,413.36692711252755,413.15281318852607
0.6600000000000003,-0.010249613653657536,-0.0026190909999354996,10.331992487614711,6.274977718895084,0.01475363589856471,0.0,-0.05106433852420487,-0.019417039779295178,1.1776078549449616,-0.030549009957734744,-0.0020805096262377,0.0,464.6964634002242,462.70423170773904,463.7553712408547,463.049524359709
0.7200000000000003,-0.013644952888337234,-0.003976336633555882,10.407470820832426,6.272851592018313,0.014857670484391683,0.0,-0.062111056520428025,-0.02603994273762436,1.3381600954307777,-0.04763985921117505,0.008440798844088087,0.0,456.46325939209396,457.3019948698399,458.0472487198106,456.6856280867045
0.7800000000000004,-0.01769481743602031,-0.005773391812459732,10.491715371806869,6.270132482941779,0.015267326936952763,0.0,-0.0729312707713361,-0.0341572801114956,1.4698269049028672,-0.04104008433528857,0.003388390963446457,0.0,448.88519948722217,448.47494622744347,448.34824460499914,448.8828975056004
0.8400000000000004,-0.022437201795560375,-0.008144505792822797,10.586094390909357,6.2680479684201025,0.016297823918922205,0.0,-0.08522705831497153,-0.04514093617085433,1.6758558890074715,-0.02444340796929739,0.03592531506095297,0.0,470.7010089179853,473.2120131793782,470.35338837477036,471.6363614469005
0.9000000000000005,-0.02787220179610259,-0.011148129603835268,10.688174598929919,6.267048285245455,0.019109300510118388,0.0,-0.09617941673145657,-0.055092330828454134,1.7267353624584059,-0.004434550478458861,0.06273015446215204,0.0,422.8988056887982,425.20255320115507,422.8770466089928,424.59701321005645
0.9600000000000005,-0.03412099458661791,-0.014844336467350939,10.798246176513445,6.266513044096808,0.022576875812698738,0.0,-0.11254046365691646,-0.06815431559598592,1.9419660609434386,-0.019881474017101768,0.045428692311347045,0.0,474.7822363657762,473.4550851296528,476.38854580059785,475.20614197344634
1.0200000000000005,-0.041346952635553186,-0.019279497190985703,10.917591459932186,6.264823262727312,0.025624965399105193,0.0,-0.12861491429248043,-0.07981692675387275,2.036036347443616,-0.054998219980621314,0.05981819721699914,0.0,438.76735075801463,439.96192588238625,439.6845599545443,436.7652270744104
1.0800000000000005,-0.049516730276156815,-0.024395278147268502,11.039308289806996,6.261261821002474,0.02908029006525048,0.0,-0.1440117374462602,-0.09099953668571374,2.0212021605700823,-0.06992889380877669,0.05271091046653263,0.0,403.03110276292836,402.3909016072267,404.3114872553724,402.96114166915845
1.1400000000000006,-0.05895192422323973,-0.030462803873969543,11.169674311872003,6.256783584776251,0.03236425951560662,0.0,-0.17090399073838522,-0.11180745550256445,2.323738049175044,-0.08627421753229352,0.05849624510261916,0.0,499.99757856861635,500.4204908095884,502.2819877316314,501.09147791875677
1.2000000000000006,-0.06981959969663387,-0.037679065457139435,11.30999722253226,6.251760735873686,0.03552382542844423,0.0,-0.19165926050565524,-0.1291994212914862,2.353603999279979,-0.07903402717805151,0.03721801922218226,0.0,420.90864320780327,419.065065709099,419.0182720290681,419.64099027453716
1.2600000000000007,-0.08227546040020417,-0.04628908408471012,11.460102726345648,6.246856397118215,0.03829979638796033,0.0,-0.22384731074803246,-0.15841070556191075,2.6492370994902643,-0.08778309588856718,0.06002378355401416,0.0,500.21929750540534,501.87816938102674,500.08401920918914,499.4417076271251
1.3200000000000007,-0.09668467702741679,-0.05672883067166828,11.626449519077967,6.241531451830658,0.04224243877252665,0.0,-0.25690584339123185,-0.19021210730208268,2.8950151413777356,-0.09075321570815266,0.07516837439507001,0.0,487.0978353396022,488.23177945508706,487.8178656447395,487.59023428155024
1.3800000000000008,-0.11292657720695984,-0.06895974551276149,11.801655616788073,6.236148693197379,0.04679473746237495,0.0,-0.2849146320682916,-0.217990692218413,2.9450105158091677,-0.0877101111065524,0.07724155878813599,0.0,429.83324255776324,430.01364972190004,428.7650747368273,429.0164863340095
1.4400000000000008,-0.13097349099198183,-0.08299677598514622,11.980621033598814,6.230611873118827,0.0513444409501016,0.0,-0.31709229797807326,-0.25042853199878334,3.020248373965329,-0.1034873800870713,0.07284250530915712,0.0,438.00084443890603,437.63945662449606,438.71059006525763,437.3911340212094
1.5000000000000009,-0.1510642807048852,-0.09911757379744654,12.164535321299681,6.224044523852029,0.05538058414964464,0.0,-0.35301480819701525,-0.28755462186348163,3.1099163162940426,-0.1253700800233145,0.05277188674372555,0.0,444.0583941745169,442.4121864192045,443.82142032705855,442.0107463284538
1.560000000000001,-0.17336527653606093,-0.11757935612258658,12.353405667050966,6.216577936382105,0.05835887722148847,0.0,-0.3906444820398971,-0.3285610505756896,3.18547455644643,-0.1226525972144684,0.04249276031984657,0.0,439.50127885411683,438.6500354825248,439.3751427069877,439.5861263353864
1.620000000000001,-0.19817222763439452,-0.13886788396769822,12.550007046873212,6.209477649891898,0.0615745582361793,0.0,-0.4365606030430668,-0.3818423837981269,3.3672867633170287,-0.11087300781677734,0.06964725093975467,0.0,471.9599250911055,474.05274122844236,471.61042379087985,472.50763637129313
1.680000000000001,-0.22562279706831764,-0.1632832553740906,12.754430243174292,6.203465012336473,0.06556861415358917,0.0,-0.4788502781142961,-0.4326036232709106,3.4464858245769006,-0.08463647333128146,0.059564453456837814,0.0,443.09682794716923,442.27041405873223,441.0030221720545,443.1558011235291
1.740000000000001,-0.2559230787462553,-0.19114315983324093,12.967105704900748,6.197836990745085,0.06900053900043623,0.0,-0.5315279923773935,-0.49661187651337074,3.6419833136775206,-0.1272104161739638,0.051991494063131,0.0,478.3355153385563,477.760432638938,480.60996652174816,477.36438253910734
1.8000000000000012,-0.28916508069759633,-0.22261608820919926,13.187222680634303,6.190322352951062,0.07217717319432371,0.0,-0.5768281101726717,-0.5531872262961359,3.6949599970532345,-0.12157916670434805,0.05478307320342743,0.0,435.0786467687315,435.31421945709377,437.08667619203044,437.54119799597083
1.8600000000000012,-0.32532518338044086,-0.25780238891251794,13.412361331210464,6.183429306692442,0.0762801760084475,0.0,-0.6288768147271726,-0.6203851603576217,3.8091440603858002,-0.10406201616158042,0.08695059101062713,0.0,454.8136522078243,457.38601123037813,455.5602922305377,456.94729802461967
1.9200000000000013,-0.36474574686416944,-0.2972188357697169,13.644889137042481,6.176839106730171,0.08153194494857097,0.0,-0.6856677556660553,-0.6941253155757839,3.9411685101450944,-0.12504115991792167,0.08866207443083116,0.0,462.65466163884213,462.79541932313055,463.58200871890415,461.9200544988284
1.9800000000000013,-0.40750829299256924,-0.3409701801414909,13.883137915338954,6.170358172314739,0.08709306298437625,0.0,-0.7402581820702805,-0.7648821654966023,4.0000785208212974,-0.08641862197288852,0.0997093531149138,0.0,442.1852362251527,443.10166529700956,438.2402201157381,441.42774099124034
2.0400000000000014,-0.4538881831120489,-0.38938063190517347,14.127484326583492,6.165711063076692,0.09262083549231814,0.0,-0.8063271344410176,-0.8492608342157807,4.144099034571681,-0.06379325930040362,0.06925554514557974,0.0,469.5666664787446,467.20439563897247,467.6495576705206,469.4040841704782
2.1000000000000014,-0.5044313094289812,-0.4430553449140199,14.381331002445025,6.1623284576819515,0.09699726461742042,0.0,-0.8788670456750307,-0.9402162860285855,4.316643414163287,-0.044614304971262286,0.07944194534915713,0.0,477.70690470996243,478.48676469629635,477.92195584579673,479.37960509080693
2.1600000000000015,-0.5589922113158454,-0.5017190492868467,14.641069689083873,6.15995495248384,0.10214921219345374,0.0,-0.9402755650558119,-1.0154530674913351,4.341072779662262,-0.03099481411329113,0.09632942440271258,0.0,433.7496938279778,435.17190925094155,433.2002973331105,434.34326672434105
2.2200000000000015,-0.6172316829153975,-0.5648128360844586,14.90124581143381,6.158591009665901,0.1076469180185553,0.0,-1.0015324966791002,-1.0878102870928046,4.331358465824915,-0.009912952540655369,0.08001674325771359,0.0,424.2653428756676,422.86967931740713,422.25885473220603,424.0736965097693
2.2800000000000016,-0.6798930130752205,-0.6330139284719992,15.16676269434732,6.1580160603655365,0.11231509458958566,0.0,-1.0876447282249768,-1.1855312005716803,4.518306021500118,-0.008929608713207643,0.07296357073883175,0.0,484.8898995037679,484.3639544686216,485.3065091878564,485.3804511390007
2.3400000000000016,-0.7471423586705579,-0.7063355431306145,15.437464545888476,6.15715839276724,0.11611994648366686,0.0,-1.1543751468349663,-1.258588576776113,4.505010179636832,-0.0280795963920144,0.02576240922092541,0.0,425.92174357906924,421.8676388444558,425.6498557587263,424.0076824537879
2.4000000000000017,-0.819391000798419,-0.7850709628311479,15.715305109853123,6.155592912773088,0.11748600872748849,0.0,-1.2539771522743008,-1.3659979239121984,4.755151762296066,-0.022385493215348187,0.015981754466644002,0.0,505.62280638629596,504.917588191247,504.5977072100935,505.0085816756938
2.4600000000000017,-0.897078558073007,-0.8696743978381273,16.003339847006522,6.154586719873317,0.11856727746489604,0.0,-1.3356716462007177,-1.4541901979075973,4.845489601443735,-0.007408498116520757,0.02181602443386647,0.0,459.6397435234329,460.10186540647663,460.2297037506454,461.41382135000225
2.520000000000002,-0.9792948660123653,-0.9591610879767466,16.293465299371558,6.153940165920371,0.1198853677739109,0.0,-1.4050028700362411,-1.5287676648625683,4.825336965967004,-0.018543964816666446,0.022270712052464708,0.0,426.08075355323007,426.11966785193437,426.36475870738843,425.41228253187677
2.580000000000002,-1.066001848376004,-1.0534648761246155,16.584869715483507,6.152583530031926,0.1206672521940595,0.0,-1.4853237030807325,-1.6147844462163574,4.887734332597888,-0.03232562767562851,-0.02118214275790032,0.0,455.31446240492056,451.8242078896034,452.54963148964043,451.4387401390761
2.640000000000002,-1.1575260469115456,-1.1529507691633292,16.87991103716464,6.1507852882388505,0.11959640551062378,0.0,-1.565353870206011,-1.7015718321990734,4.946600637642635,-0.025634679430710218,-0.011896919395389519,0.0,451.75581540853875,452.50407391565113,452.62106097034473,453.15903275460585
2.700000000000002,-1.253919792899747,-1.257773189988587,17.179152679165984,6.148988069269613,0.11863934091640527,0.0,-1.6476609708441226,-1.7926402932745156,5.027631691407412,-0.040408813151289136,-0.025630746794254835,0.0,461.2731062842098,460.1871899096076,460.28062779766634,459.10944249944316
2.760000000000002,-1.3551107003592973,-1.3679640144203664,17.482211188050528,6.146921270853126,0.11678233773343649,0.0,-1.725206246465669,-1.8805868379947166,5.073987337900319,-0.02460573839268281,-0.044577887106878156,0.0,451.5801280314065,450.0485274174421,449.3354815373664,450.6144592353986
2.820000000000002,-1.4610069435740234,-1.4835744976819647,17.788773375190814,6.145645592820554,0.11397375588630787,0.0,-1.8043867379575569,-1.9732107383304043,5.144333558181153,-0.0152953744181455,-0.05169375241931093,0.0,459.08001331663604,458.51370414289556,457.9785873845132,458.71864269447263
2.880000000000002,-1.5714990690405526,-1.6046466097712622,18.098638180082347,6.144760976595496,0.11135512079934617,0.0,-1.878427080542635,-2.0626150956237863,5.18422636680303,-0.013662325814142073,-0.031087063080024478,0.0,449.2722812069514,450.9390952462704,449.60367722019345,449.73609922776484
2.940000000000002,-1.6865670434301194,-1.7313198020659226,18.412414186599534,6.14373307706099,0.11007307680052847,0.0,-1.95699571002734,-2.15988588253088,5.274433296139488,-0.025174246634208898,-0.0068322715329116376,0.0,464.72668305448764,466.6242299126558,466.9915808548915,466.0926832288796
3.000000000000002,-1.8067001222002006,-1.8643194266156147,18.734865273240594,6.141623267962704,0.11017502657029965,0.0,-2.047338915255177,-2.273499756850573,5.4727904213005045,-0.08288764746420074,0.014846600201318534,0.0,497.9644659743321,499.54801890092534,501.6326318780472,497.4222753826362
3.0600000000000023,-1.9316703595770985,-2.003443345609881,19.063862399352974,6.137004389486055,0.11100416148357883,0.0,-2.1184203858336055,-2.3643919705054866,5.493445235242121,-0.0672203950667019,0.011680045478179841,0.0,448.17123770060937,447.91362358778287,447.4779425618278,448.74701792972184
3.1200000000000023,-2.0606555388098062,-2.1477523655652586,19.391673725102276,6.133653350803382,0.11159824137399532,0.0,-2.1811936487524477,-2.446259144602055,5.433709253458466,-0.03951540010594247,0.006082813606525293,0.0,423.38810232154884,422.9060385805177,420.5183998854746,422.90944574454664
3.1800000000000024,-2.1936719495195467,-2.29736185329892,19.718078071571167,6.131386250235934,0.11231562669567019,0.0,-2.2527542652123205,-2.540948857335603,5.446185285431272,-0.0345319886190087,0.02167707219536934,0.0,445.97478540644846,447.24684457761197,445.00468673047675,445.41182668864883
3.2400000000000024,-2.3310407191857525,-2.4527492559775896,20.045525215954818,6.129677515499878,0.11322182487853905,0.0,-2.32632051311943,-2.638814039888192,5.468409216692899,-0.01851293855575626,-0.003201838939692874,0.0,450.76117819074517,448.74569161103375,448.724022378743,450.0225478429781
3.3000000000000025,-2.4727683679854784,-2.6139467725332852,20.373640866020672,6.128611418918831,0.11319873446891382,0.0,-2.3979572930550037,-2.734573660789904,5.468621608160626,-0.01631915156245898,0.004725855519121939,0.0,442.91749453791084,443.56915825239975,442.9325054553001,443.11299209805304
3.3600000000000025,-2.61947822201561,-2.781833794966399,20.707613391650575,6.12763231330781,0.11354863411470983,0.0,-2.4923199499047772,-2.8616557036800834,5.662580639199993,-0.0163169776805549,0.007956411316552323,0.0,501.57989555616064,501.81439385777315,502.42525908421356,502.42554069981855
3.4200000000000026,-2.7711549833184264,-2.9564116177485307,21.04703289222245,6.126607061647304,0.1146423317230143,0.0,-2.563682044837871,-2.9577463127667785,5.6512803662917355,-0.018674866821381413,0.03338340881001087,0.0,441.53569595767027,443.6289051884646,442.2743314095024,442.08012142524126
3.4800000000000026,-2.9274393112173196,-3.1371817210197266,21.388263068622383,6.125006076396103,0.11745202948618161,0.0,-2.6460172836272973,-3.068026468971898,5.722427032765104,-0.05188897400263833,0.06524966754941645,0.0,467.2160167994322,469.6954856029201,469.98967124246553,467.4074655741342
3.5400000000000027,-3.0885903022809447,-3.3244289649944325,21.73254689388321,6.122112352336057,0.12165114778660246,0.0,-2.7260497949000655,-3.173821077009289,5.753201010847665,-0.04176469674227417,0.07808023785658162,0.0,456.0873393905714,457.11470820892185,457.98859131361576,458.7919390679904
3.6000000000000028,-3.2540720503392935,-3.5173569937988027,22.074165989313094,6.11922179976688,0.12639278987131597,0.0,-2.7904324440233355,-3.25743710575663,5.634450035536283,-0.06581115954095859,0.08085627064306165,0.0,409.01289430505653,409.2657015231505,410.2027801125364,408.0593993316149
3.660000000000003,-3.423754531461422,-3.7156957786239126,22.410661121123514,6.115257136935515,0.131235897499554,0.0,-2.866084046271722,-3.3542395920061114,5.581965460887197,-0.06661595347842826,0.08044158048235053,0.0,430.66387930791745,430.63427394564343,431.49181142186234,431.42046553951405
3.720000000000003,-3.5985877109721827,-3.920582463920534,22.747873773369445,6.1113362674469585,0.1357576846314661,0.0,-2.962106187058088,-3.4756532347134805,5.657606435842538,-0.0629262113105214,0.06254340404483276,0.0,472.916690840276,471.53977392459933,471.70506272960966,471.9870885576919
3.780000000000003,-3.7789761478196553,-4.132466427609786,23.087421855762045,6.1078654833353045,0.13916626752218342,0.0,-3.0511751545849717,-3.587488206135373,5.660253066871155,-0.04924944134328329,0.04174210038047256,0.0,452.20666475488247,450.52961366372733,450.1239228378935,451.22730454776973
3.840000000000003,-3.964747860597729,-4.351099555405569,23.426899433953324,6.1046710149100445,0.14169656060694447,0.0,-3.1414642521168434,-3.700593304387181,5.6553276026157455,-0.06273704980108717,0.043016677426294905,0.0,450.0655668387636,450.1696759623365,449.29418318540525,448.1971777858941
3.900000000000003,-4.155435996261287,-4.5758984960588815,23.762216193232316,6.101643818543831,0.14459990469699946,0.0,-3.2151308489066817,-3.7931100771450432,5.522288148436798,-0.03317558554338668,0.05740533830826411,0.0,406.6744850551913,407.9632675561037,405.5163498942477,408.1617302860144
3.960000000000003,-4.35146831254274,-4.8073797911461975,24.095374708748533,6.100297643699225,0.14821009634619475,0.0,-3.319596218008251,-3.9230800459110218,5.582268834675156,-0.0067700826494922275,0.06519144348658344,0.0,468.7238007927963,469.33097603161843,469.4806511515567,471.5253376224926
4.020000000000002,-4.553361548790703,-5.0461051920366975,24.428879965415426,6.099964133675584,0.1520755819123112,0.0,-3.410562479027709,-4.034585583344858,5.534495668537264,-0.003239129492909808,0.06284631236395706,0.0,437.121969261085,436.92956546878713,436.71649837615666,437.01108791914004
4.080000000000001,-4.761391237976338,-5.292262189734554,24.7633425366419,6.100243980524558,0.15552323884957087,0.0,-3.524084167552264,-4.170634359035886,5.61343858556952,0.01704329374847506,0.04361260045825997,0.0,477.44508647296976,475.97702479448213,476.87952809232826,478.4265986102157
4.14,-4.9756549541226365,-5.545837434012481,25.09840735629914,6.102480509310594,0.15827190832344318,0.0,-3.618355711166626,-4.281906598846884,5.555456314892721,0.06136449863795809,0.049879661686012725,0.0,435.1041114526941,435.62987862334944,433.6233297005518,437.33222879684524
4.199999999999998,-5.195963397440374,-5.80644410031425,25.431987743530286,6.106176158457558,0.16096123901449033,0.0,-3.725564471102758,-4.404784804264525,5.5636230322607,0.062049345147184326,0.03206645776398309,0.0,458.2052520371158,456.78763827393584,455.7962241148124,455.8535779337266
4.259999999999997,-5.422463376501491,-6.074064096265434,25.764209540749754,6.109989120877428,0.16263569617554818,0.0,-3.8247040522545883,-4.515790726129129,5.510562289636523,0.06639098306351715,0.017924797904943106,0.0,437.81584834046066,436.6375601580742,437.37880524454965,437.74334254366215
4.319999999999996,-5.654698255133123,-6.348049519071709,26.091691057955487,6.11401800426863,0.16350185417855734,0.0,-3.916718755348669,-4.617043754393467,5.405946081767553,0.06862004430786828,0.006340206879111801,0.0,419.9367709541744,418.93030855596623,419.8474354254713,420.04449752457595
4.379999999999995,-5.893414989736857,-6.6290313113736365,26.41843070792649,6.118999323554462,0.16390389748900613,0.0,-4.040568441461828,-4.748664604320197,5.484816335428263,0.10233796765384576,0.0074122042624967036,0.0,477.25482078112196,477.336541651044,476.8880598408045,479.4619288178479
4.439999999999993,-6.139205010639775,-6.91746415143462,26.74757773183514,6.125063284023243,0.16416504307085678,0.0,-4.1525772110557675,-4.865441457484826,5.486695455539358,0.09839461772576037,-0.0026034861398306244,0.0,455.1354198143356,454.33283926770275,455.39980810812557,455.0927583250654
4.499999999999992,-6.391607706385094,-7.212713259584235,27.076026315356398,6.131369996451166,0.16382518292815718,0.0,-4.260980009245214,-4.975932481146827,5.461718863273815,0.11596419948269174,-0.012622894263773013,0.0,447.1758616843903,446.3588233259456,445.49598357382035,446.94008267485214
4.559999999999991,-6.65135722105279,-7.515276898582524,27.407901963987587,6.138146191335753,0.16275331705071405,0.0,-4.397251589974877,-5.108905399863625,5.600043702542388,0.1060717921260201,-0.031232767667320777,0.0,496.5107479154547,495.1433190071639,496.6824779043216,495.96611827964193
4.6199999999999894,-6.918973867547978,-7.825450358272755,27.746205327595614,6.14473558413837,0.16083501972805347,0.0,-4.523205895158215,-5.229760967899872,5.676359033177407,0.11642650922246263,-0.033491572040550685,0.0,479.17477197297154,479.00269582689475,479.0088444059926,479.8054441258707
4.679999999999988,-7.193390772811066,-8.142158647394384,28.084501239609548,6.1518568742717346,0.1586852721237415,0.0,-4.62412273354619,-5.326981030084337,5.60073462970548,0.12286220413517657,-0.04096904685602203,0.0,432.6194569895056,431.9885928248842,431.5505922170852,432.10671487739654
4.739999999999987,-7.474412495042036,-8.465089326599093,28.421677310336104,6.1589065564798595,0.15576774908933366,0.0,-4.7431869130483255,-5.436957937846128,5.63840440033679,0.10371729332272485,-0.07190697720467801,0.0,468.33146460709963,465.91669322956994,467.62678672946777,466.14417937122596
4.799999999999986,-7.762194298812612,-8.794261043533563,28.758835794944794,6.165145849473754,0.15154664709323828,0.0,-4.849450152721959,-5.5352342741443445,5.600625436769534,0.104524190123155,-0.06741117412464741,0.0,442.9506372618778,443.31650089036367,443.5148565264465,443.59058203039586
4.859999999999984,-8.056517191851677,-9.129428418702773,29.09499989592338,6.171470754940206,0.14745781308770844,0.0,-4.96118084028053,-5.636743008713098,5.605022844184408,0.10713847154444035,-0.0696607595203508,0.0,456.27091257742694,456.0878686391642,455.4856499900978,455.70413645061967
4.919999999999983,-8.35729845687244,-9.470467773677871,29.429993787015285,6.178295640814142,0.1435232731817946,0.0,-5.064812266843013,-5.731023744516961,5.561923834539338,0.12445730977791791,-0.05845547173117442,0.0,440.04178864258813,440.96536581794237,439.43903552845086,440.8841751602065
4.979999999999982,-8.663846553976812,-9.816796666671221,29.759426151365957,6.185723386803174,0.1398044866471455,0.0,-5.153585856458582,-5.8131751312126125,5.420229309154056,0.12244013339751521,-0.07016793564720941,0.0,406.85920054972206,405.8056814398087,405.69417784827766,405.52847343065525
5.0399999999999805,-8.976481522646978,-10.168539848112284,30.08581764925685,6.193039309998877,0.13598563687927445,0.0,-5.267434798981879,-5.911206294843732,5.459554986069138,0.1208970676691115,-0.05305304271117102,0.0,461.99906610791265,463.3439662651839,463.3545132774755,463.2459403969172
5.099999999999979,-9.29607790501654,-10.526185242312865,30.41570307364663,6.201079022120727,0.13306519392949578,0.0,-5.385672674241604,-6.009824134879368,5.536474605375028,0.1520708471795062,-0.04110781488235582,0.0,473.8658910250337,474.7821191923234,473.03747642788875,475.4471860654982
5.159999999999978,-9.623054594741596,-10.88982194565559,30.75243323767122,6.210307560701324,0.13025440268957933,0.0,-5.513413499626268,-6.1106669299377,5.68734809485231,0.15707253485448028,-0.061933765197065865,0.0,496.9194383190259,495.38894491948884,496.0259853486181,496.41283680332407
5.219999999999977,-9.957438582015124,-11.259238920075214,31.096415024766536,6.219880310529703,0.12670938870036696,0.0,-5.632577823042279,-6.20259062087434,5.7786079139741595,0.16407736018400734,-0.053920544904727134,0.0,479.3317436317097,479.93827569044697,479.6073402698486,480.16124849124355
5.279999999999975,-10.29881990987122,-11.633977375792817,31.44484719307011,6.229748193621534,0.12361867082349765,0.0,-5.746752134720594,-6.288084485949569,5.835903529458407,0.1652273656813621,-0.04708573311241816,0.0,468.7968735411668,469.32621880704795,470.48287916180493,470.59608272596904
5.339999999999974,-10.647044413590109,-12.01372200176369,31.796734505332928,6.239375958474131,0.12070297457209378,0.0,-5.860715616425671,-6.36946706942911,5.8937760162594435,0.14866113265633144,-0.051797289920474845,0.0,470.5242316467804,470.1579332890624,469.8149373396501,468.55121838676195
5.399999999999973,-11.002062765213742,-12.398219335322448,32.151786085532756,6.248075345331198,0.11768839684541366,0.0,-5.973214709599133,-6.446601293847086,5.941417182451867,0.13640502807563637,-0.047303625411498476,0.0,466.1277567224498,466.4774117103382,467.1299918812283,466.19152003039966
5.4599999999999715,-11.363457706795305,-12.787138679716202,32.50656328540827,6.256850238511902,0.11469598747820609,0.0,-6.073404529078071,-6.517039062583051,5.885231175893794,0.1609106921827675,-0.05558243571474032,0.0,433.3451229623559,432.64680930654305,433.0641811972033,435.1411957209727
5.51999999999997,-11.731641874304051,-13.180370543756693,32.864707478994774,6.266350081039798,0.11161718168601809,0.0,-6.199261086457543,-6.589931792239938,6.052421728906004,0.1526027990993707,-0.043912985600402896,0.0,500.34527356430993,501.1929038795294,498.90741577698265,498.32108725421153
5.579999999999969,-12.106623689597201,-13.577727225548061,33.22623552582141,6.275478853252892,0.10896754421501154,0.0,-6.300284890289319,-6.654894299424738,5.99928183874471,0.15121820087136734,-0.04466040901703982,0.0,434.4583449736001,434.39450439971824,433.5848720106258,433.490953953627
5.639999999999968,-12.487803008657687,-13.978906298390456,33.585696806327284,0.001132298008339916,0.10633745792720628,0.0,-6.4058104926286825,-6.717294113657848,5.9833089538897966,0.13807153317263737,-0.04223307165914087,0.0,444.3411122394037,444.5390282753154,444.703677686294,443.6454737580475
5.699999999999966,-12.875534774632985,-14.38373680069111,33.94613404768851,0.009428182928988171,0.10540853950409623,0.0,-6.518727575924079,-6.776570408644982,6.031362632814348,0.13864797484988,0.012788209774111436,0.0,461.0058654979258,465.33382015386985,463.1462962903699,463.2085122135575
5.759999999999965,-13.269995573498687,-14.792034620766259,34.30859709992257,0.0178144108067535,0.10617684820190565,0.0,-6.630305328216489,-6.832896959008038,6.050899876068155,0.14192352548759554,0.012838993287085577,0.0,454.1821280772739,454.18607777836377,454.3263597146887,454.6066292433431
5.819999999999964,-13.671055862229561,-15.203647365740366,34.670719597932084,0.025968787076548594,0.1072306331039794,0.0,-6.738756850148685,-6.887116527128217,6.020295996713847,0.11981470589319754,0.025644304321309687,0.0,436.78509572743434,437.8519291912253,439.80246702885944,437.9840331095313
5.879999999999963,-14.078476128602803,-15.618492735620729,35.02896929111204,0.03395502541968476,0.10883545166625108,0.0,-6.842378444603614,-6.9407557443946395,5.92212354424764,0.15136487115408456,0.028865536323572267,0.0,415.24844700335467,415.5312137387968,412.88449285317364,415.6763872867086
5.939999999999961,-14.492698634761766,-16.03632687815313,35.38595033679914,0.04274740841338609,0.11059566647099928,0.0,-6.965473237010038,-6.986484349316557,5.977179229345784,0.13454543057432214,0.030263236414092825,0.0,462.85439718918224,462.96462551510183,462.7908126548796,461.483784225977
5.99999999999996,-14.91491714010921,-16.45658874301001,35.75089466859166,0.051006651178918005,0.11232018858965986,0.0,-7.108863545373158,-7.021593865508138,6.186635243220326,0.1432354772151742,0.025511989573759813,0.0,508.04291941709175,507.70219629030487,507.23929648265977,507.8780041887722
6.059999999999959,-15.345832702653821,-16.878815275270572,36.12835150269293,0.059439267664489925,0.11386211215528341,0.0,-7.255363451880993,-7.051946477074949,6.394271808009616,0.13453581583169252,0.026069562792710364,0.0,509.38915755608656,509.4290657071896,508.9778528842379,508.37032164381435
6.1199999999999575,-15.785199212654351,-17.30295131444505,36.514442903749625,0.06706208775931977,0.11577234805344716,0.0,-7.390641643360969,-7.085414019720147,6.475152661102987,0.10464299801401389,0.0414098256913375,0.0,473.774066187429,474.95261257405076,475.6840873214725,473.4020201849684
6.179999999999956,-16.23233554877197,-17.72926237770049,36.901527737577496,0.07372803232070879,0.11816152421083626,0.0,-7.514455705888888,-7.12463688654129,6.428043495301512,0.12160390847650564,0.03643366610436797,0.0,435.48773253525087,435.07202650587044,434.57614629987637,436.0069314876223
6.239999999999955,-16.686828615795704,-18.15797336869758,37.28431703469549,0.08118068053489136,0.12072750034966795,0.0,-7.63590338604863,-7.165375434156101,6.332293031311822,0.12896773184484966,0.053110658645656485,0.0,418.3083421090104,419.759571332313,417.13788312739104,417.79566652107604
6.299999999999954,-17.14924442740956,-18.588707830597976,37.665679313269614,0.08925252810570328,0.12383971971688723,0.0,-7.778571342810674,-7.1919477628564605,6.379592965569289,0.1438102365712706,0.0492674997443148,0.0,463.3960261861206,463.09536695041015,462.02074719201454,463.2055023166418
6.359999999999952,-17.61967792471526,-19.021415623985607,38.04452874156617,0.09831152895344086,0.12669013419864772,0.0,-7.9032199738576265,-7.231205105622195,6.249632176024605,0.16242615069343275,0.0437315615120822,0.0,404.7919828053213,404.29496088779223,405.0762854717891,406.7708465986535
6.419999999999951,-18.098124109394536,-19.456074048385393,38.41884926481147,0.10794229091789642,0.1290592715441301,0.0,-8.045632072954534,-7.256809858641769,6.228028911853976,0.15638727271959227,0.02924807314155752,0.0,440.8162224550362,439.61824780091666,439.351924393221,438.87564538789434
6.47999999999995,-18.585479043469206,-19.89194943021469,38.79373803748369,0.11704364962674951,0.1306710175583019,0.0,-8.200115707942082,-7.271735732674446,6.268228521012141,0.1400949484502657,0.021605069859556115,0.0,459.34848206806083,458.74198732442875,458.7973591855212,457.52244439631437
6.5399999999999485,-19.081771722820548,-20.328999386118877,39.16764971417148,0.12517560987348997,0.13216794961464018,0.0,-8.343608626332491,-7.2960905657528565,6.1960637347070175,0.12435528071843471,0.03091360018706739,0.0,421.29519340526485,422.09961255244735,423.62646528995793,422.2883716187844
6.599999999999947,-19.58698376646374,-20.767242532081973,39.538667082108056,0.13280338939097724,0.13365931816675758,0.0,-8.497434949702441,-7.311525444246154,6.171406510754496,0.132164776270865,0.008590110601140469,0.0,438.14958276034247,436.28938645628403,436.37340846627484,437.0399828170729
6.659999999999946,-20.102003487513656,-21.20585933742279,39.91158418637462,0.14068510561650793,0.13398203778055962,0.0,-8.670405765755302,-7.308450770929765,6.258838030198186,0.12970770387269587,-0.0019747646367172292,0.0,471.584520809347,470.767500763024,472.2530091763625,472.0781389105743
6.719999999999945,-20.626946537494696,-21.64476005192859,40.285583768626196,0.14805495961124482,0.13429826655353594,0.0,-8.828310238894689,-7.321049669185785,6.208263598449724,0.10327006752950049,0.016818430675464093,0.0,428.09102593728005,429.68751049982603,429.1560401895659,426.9194774258797
6.779999999999943,-21.16212123202452,-22.083627362680872,40.66122182375566,0.15467368099801515,0.1351966213775384,0.0,-9.011422707568304,-7.307397615382069,6.312460484839198,0.1215887846256624,0.010998767914455117,0.0,476.4983933760537,476.05308536576683,476.35438630233557,477.76310030148613
6.839999999999942,-21.708383085287014,-22.52159438621181,41.04287928862712,0.16219028372705946,0.13635735888716738,0.0,-9.197918722965628,-7.290948393193616,6.4089768583918385,0.13178014265753246,0.03226847475295205,0.0,474.86554611957445,476.49461279387157,474.72701866113823,475.521624325853
6.899999999999941,-22.26592064966685,-22.95851432990879,41.42989231980248,0.16989392880865584,0.1381600196143209,0.0,-9.387383271788657,-7.272468249462425,6.49099236226029,0.12058539393985887,0.025177906690790737,0.0,472.6200491196058,472.07334701982984,472.1650507670909,471.31438209981206
6.95999999999994,-22.83479557653464,-23.39442574940776,41.82049146116636,0.1771044508068922,0.14005461533422459,0.0,-9.575864737832207,-7.2573815332094656,6.528732608365505,0.11934326098230694,0.04201077772171195,0.0,458.1069556750658,459.44408700456114,459.9585715279691,459.87265312912774
7.019999999999938,-23.414933502211344,-23.829581189660747,42.21187900543891,0.1845169434469245,0.14245493606827253,0.0,-9.762914225425671,-7.247267599880675,6.51748572950031,0.13083074324341762,0.03565941745266977,0.0,444.2894788077567,443.76912585687154,444.15773698257067,445.1128202939167
7.079999999999937,-24.006154112098358,-24.264420301282392,42.600445621828534,0.19225771295850436,0.14476599358645625,0.0,-9.945346625876436,-7.2467911071026965,6.4351297950556825,0.1251081192023371,0.04369466163213885,0.0,419.76283432731816,420.46053813740536,421.40996962077963,420.9311085289881
7.139999999999936,-24.60879549708328,-24.6987366570276,42.986072395721486,0.19969199455050823,0.1468989889383252,0.0,-10.143618244901573,-7.229854398654621,6.419039131081392,0.12138482240520419,0.009548497058055156,0.0,443.1116242600035,440.2954768244792,442.5856833045847,442.29306403229526
7.1999999999999345,-25.223571853460687,-25.131841491451272,43.37111544757731,0.20752057276381475,0.14737717395324434,0.0,-10.349770074202718,-7.2063570857614,6.415724211466351,0.1442763255602328,0.004608835958231223,0.0,446.79864382413854,446.3955349027883,444.9145396787684,446.80041463601253
7.259999999999933,-25.851375555882328,-25.56272484554154,43.759156651676555,0.21667878687826647,0.1476445306685461,0.0,-10.577817437487449,-7.155666431801509,6.518415380218016,0.16556396071970605,0.004148378097771232,0.0,479.6857437152033,479.65068481588486,478.3505925057041,479.98899569244094
7.319999999999932,-26.491935060280962,-25.991996967679455,44.14607840152285,0.22672113560770857,0.14824983038592343,0.0,-10.77521313386186,-7.1526017180947,6.379812587450402,0.1707596939794081,0.01990054369100925,0.0,400.27223198624563,401.70349206853354,400.62041329127027,401.1227729693882
7.379999999999931,-27.14572088554763,-26.4191556844843,44.532428848024054,0.23724783386702786,0.1501209906146439,0.0,-11.018626859904154,-7.0851268132660445,6.497761850903577,0.18345919083176146,0.0474357843024479,0.0,482.0219212267853,484.09891996302173,483.9912240338829,484.97294906507875
7.439999999999929,-27.814008168637212,-26.842571279613487,44.923683888871686,0.24817789012321168,0.1534425631425833,0.0,-11.258779855416924,-7.027822848660947,6.543563774920141,0.17945488522758324,0.0677596729284744,0.0,462.4807622047958,464.0809674782124,463.35118419292706,463.0668459987043
7.499999999999928,-28.4968148366735,-27.262581057611353,45.31674188127046,0.259031154008869,0.15733929766525723,0.0,-11.50271208820945,-6.97163222159662,6.557909323048213,0.18360565341343665,0.05862494278550377,0.0,454.771297622699,454.04184968722114,454.27314275514675,454.63674686605765
7.559999999999927,-29.194715445754486,-27.678716764117805,45.711774576679886,0.2711151704373398,0.16077187742893972,0.0,-11.761932975798102,-6.898586626543937,6.609177389431274,0.22360941959095154,0.05421850253680547,0.0,467.6973062906551,467.3559800675618,465.2762908622969,468.43425880056907
7.6199999999999255,-29.908477118933874,-28.09018983067268,46.109995854096546,0.284341710126248,0.1641760908384473,0.0,-12.031480519862855,-6.816051176189218,6.664171077115718,0.21322188176493304,0.06134814274999555,0.0,469.3293666836426,469.8845188227119,470.2637398677419,469.50340641043715
7.679999999999924,-30.638529506497438,-28.496761887403874,46.51043206154409,0.2977705952459626,0.16764077440666814,0.0,-12.30504285463904,-6.735248459622534,6.6831243437582915,0.23930036528065438,0.049339465888649923,0.0,459.326876312069,458.37549594773503,459.7536100862538,461.86248734574
7.739999999999923,-31.384565582524285,-28.899516784857564,46.90780823796554,0.3121248577816873,0.1703781554084216,0.0,-12.564392049619064,-6.688728060634874,6.563070083440937,0.23911235791805852,0.03690402818190759,0.0,414.058036946481,412.96365682016364,413.6906340941115,413.7358812054825
7.799999999999922,-32.14707105143728,-29.29818156503535,47.30128137221184,0.3276240466828586,0.1732181969375528,0.0,-12.854030571111045,-6.598789464441131,6.552290722509407,0.281617588105702,0.06266044769248864,0.0,449.6843940907908,451.7676510983209,449.1679361220521,452.6659553649316
7.85999999999992,-32.926917768254214,-29.691854453158122,47.692031131607614,0.34458870418925525,0.17729147921806465,0.0,-13.142624932945976,-6.522247468502644,6.472550245480976,0.28490245878119524,0.07669667825127222,0.0,427.02596039948537,428.2255060331256,428.77944908384075,429.14262956195296
7.919999999999919,-33.72446254649587,-30.080620672657542,48.07804058741649,0.36210789060216975,0.18193537999099263,0.0,-13.444078834248444,-6.435215905375329,6.394088327944708,0.303302366430686,0.0787652029676625,0.0,429.4687671835804,429.6491987545901,428.26844973049714,429.9202161483487
7.979999999999918,-34.54116074269793,-30.462562762128954,48.46269178134807,0.38019980723360103,0.18653633850601992,0.0,-13.781140034702497,-6.294648228788615,6.426435621895685,0.2977431629581068,0.07215608839398012,0.0,467.63449863386404,467.1236166893486,468.81858012944156,468.47381309805166
8.039999999999917,-35.37805068071517,-30.83661236218549,48.846931289371206,0.39818110933950024,0.19106126081808306,0.0,-14.117244170259799,-6.172195822604743,6.380744004685475,0.3033108774162359,0.08124244181206905,0.0,444.1587426748381,444.9079134246138,444.0234155713079,444.57142069100144
8.099999999999916,-36.23542278513339,-31.203235745119706,49.227738850015264,0.41602469764103045,0.19611601420406455,0.0,-14.464010126935769,-6.047142498266538,6.311977331724384,0.2817038091579333,0.08965881480068406,0.0,437.29880818111474,438.00537608781684,439.997108510779,438.2948136891532
8.159999999999915,-37.11393514037342,-31.562310128463345,49.603703001903035,0.43261152149165927,0.2011795715818412,0.0,-14.822024234387156,-5.920706677518261,6.219230171303117,0.2630692239491466,0.07095221265271688,0.0,433.2348642916366,431.6647071949686,432.4968601776105,431.0035338653621
8.219999999999914,-38.01451877448969,-31.91328944151644,49.97445090888866,0.4482546170113375,0.20572623973677384,0.0,-15.199791095847402,-5.777383256576806,6.137932107717915,0.2555572556735934,0.08400431223233942,0.0,438.2127140974808,439.301114273612,438.69968666364076,438.1447683223163
8.279999999999912,-38.93833922479991,-32.25525796192415,50.34043796711172,0.4641268717395679,0.2103830171678478,0.0,-15.596721021669401,-5.620422458785275,6.060286848300105,0.27819400464445343,0.06006301381921139,0.0,444.07927094050405,442.11527373617287,441.6127162539648,443.546339464493
8.339999999999911,-39.886827362772124,-32.58685734416151,50.70290457372239,0.48042108901726177,0.21391145937204392,0.0,-16.022136008445738,-5.431658016992568,6.020318407414981,0.253123861881257,0.056170956897674186,0.0,458.5315169353359,458.2244526683141,461.49150417092784,459.5789039209857
8.39999999999991,-40.86106725607103,-32.907544634639514,51.06139915837663,0.49582899977910966,0.21720509735797044,0.0,-16.45526972804319,-5.256814777877091,5.9280714407947634,0.26327435590861514,0.05221030426316043,0.0,444.3290095863375,444.0061369810054,444.7940246283162,445.6906575163044
8.459999999999908,-41.86124199342125,-33.21885930174655,51.41159952177591,0.5119544167966854,0.22011377370118002,0.0,-16.886877579741107,-5.11916669005178,5.74432532871624,0.2779137270489616,0.03971489857206998,0.0,414.2402998297372,413.1413746141436,412.70877202345844,414.0775592415724
8.519999999999907,-42.88824490382937,-33.52098750944632,51.75179219530644,0.5287009330763057,0.2227580617603495,0.0,-17.34970121847996,-4.950598467000228,5.594130725947483,0.28139197872900823,0.05160427601153676,0.0,429.5955267400951,430.6038611706217,428.33080119682865,428.7085638019453
8.579999999999906,-43.94474229063259,-33.81037715160667,52.08676375301697,0.5456174856337643,0.2258916164386271,0.0,-17.870120139839493,-4.694757481061994,5.569137270387132,0.283018988721874,0.053440631946980885,0.0,477.9581574488624,478.0996739147364,479.7110652073347,479.90872632087485
8.639999999999905,-45.03244159212797,-34.08580339278729,52.417154436236636,0.5628992995363937,0.22943414049855626,0.0,-18.39007442530443,-4.485190233654289,5.441889722121361,0.2965130574032314,0.06838065714573766,0.0,447.46247376862686,448.6796801388682,446.96742034672286,448.1492291623605
8.699999999999903,-46.152077072493185,-34.34847462011167,52.73949172879941,0.5806689354485659,0.23384510595873564,0.0,-18.934921362354444,-4.269737275440944,5.300428447351951,0.29544803844141854,0.08219218133503164,0.0,447.2822421005319,448.40999447225937,447.88781735959066,447.8896617669781
8.759999999999902,-47.30483284462669,-34.598909630445796,53.0516043365,0.5985551238581106,0.23933302634899078,0.0,-19.494379935629595,-4.077500127589347,5.101094535750463,0.3029335782893799,0.10548091021987678,0.0,431.16643516761997,433.13702532538736,430.32879540204635,431.055517361338
8.8199999999999,-48.49236545334071,-34.836882937936544,53.35248151058955,0.6168197328307405,0.2454935416977504,0.0,-20.094408657742132,-3.8546440406650375,4.925291802161927,0.30720385942110945,0.09637847453441467,0.0,447.83693137079,447.10479753293384,446.9516362266502,447.39338839809966
8.8799999999999,-49.71599120814078,-35.06331595955402,53.63959064368263,0.6352803041234978,0.25121357375216213,0.0,-20.697869799163445,-3.692817529418525,4.642766025488522,0.3086020752530774,0.0931599661907073,0.0,411.15086065104157,410.874068629685,411.04899825263215,411.2778836358023
8.939999999999898,-50.97850838375148,-35.27606713643141,53.914565792958086,0.6534174711990604,0.25648605249290224,0.0,-21.390990192205695,-3.399087436932866,4.519260468005195,0.28508657571493284,0.07437042838497304,0.0,482.0897949664227,480.6732869279962,483.3648577680021,481.673552019348
8.999999999999897,-52.2829009579705,-35.47296829625507,54.179135595892284,0.6704254768311966,0.2610649481230798,0.0,-22.09416522597356,-3.1645668437251153,4.2965525217472615,0.28002156773285897,0.07994297083922443,0.0,452.2729696543304,452.72615561341445,453.6498819582358,453.32258265910906
9.059999999999896,-53.62997343624811,-35.657354413211515,54.427833638908325,0.6869232892799939,0.26609178957315915,0.0,-22.81415249357483,-2.9820943360082737,3.9904903252895543,0.26224077732515355,0.09051934812686938,0.0,426.20091129651956,427.1101726361027,428.17622145557436,426.73978479442695
9.119999999999894,-55.02293011283227,-35.82752234587465,54.66167423501536,0.702301842632064,0.27175930487738853,0.0,-23.62391578139008,-2.6914907154341,3.7998586517070962,0.2405607020517719,0.10135354376538207,0.0,482.24119604919537,483.0658258641988,485.3435556488783,483.7727965553519
9.179999999999893,-56.46559562001205,-35.980935307045215,54.882738673852586,0.7166003339174338,0.2787694052613361,0.0,-24.4715904446474,-2.4241608035484297,3.5643840222631,0.23338361504349792,0.13711736734854763,0.0,476.6413485279491,479.3780020850677,477.85785347150477,477.36260827770843
9.239999999999892,-57.96047218797256,-36.11881165311767,55.08863068294227,0.7307152681355813,0.28684142131699897,0.0,-25.364767693066554,-2.174276573977844,3.2936396075537218,0.2387337973396828,0.12879501052923478,0.0,476.32705572954654,475.70533525391056,477.28606357822713,477.74524244774335
9.29999999999989,-59.509406549256646,-36.2445506520802,55.27468029623027,0.7451478236561204,0.2946174305577527,0.0,-26.27429714970297,-2.0195418987026628,2.9036355925525266,0.2439282102376868,0.1311620671133189,0.0,439.1045795261876,439.3165574721871,440.7352826602989,441.2227785693098
9.35999999999989,-61.11624808431883,-36.357803469934254,55.44046255061432,0.7601118270345877,0.30232784933906043,0.0,-27.295543262076134,-1.759226871507252,2.6164835114379517,0.25854310862485264,0.12259052243200268,0.0,496.87595335793276,496.260124837045,497.7002453243998,498.82376144829095
9.419999999999888,-62.78433994150207,-36.46017608156332,55.58365213401849,0.7763784194702907,0.3100903010581213,0.0,-28.31709255151815,-1.6565991087217833,2.151753569372913,0.2886456835690137,0.14031196952525812,0.0,436.1109692230744,437.60467272372176,436.6420032333215,439.2209684862623
9.479999999999887,-64.51565702506205,-36.55728410333404,55.69781069430935,0.7938727249532782,0.31831650208955153,0.0,-29.40396282227637,-1.5844802558348436,1.6483709426829642,0.29684932929807306,0.1297675257781014,0.0,435.41635220961007,434.55072181362806,434.71792310588233,435.4932825442081
9.539999999999885,-66.31383183912166,-36.65216126098624,55.77952093889816,0.8113700670575081,0.32575115837699453,0.0,-30.54701862541091,-1.58255214541266,1.0704373259100157,0.2783464016356188,0.10841142776042752,0.0,416.5767815973206,414.7190931833531,415.83449699926604,414.30232197894037
9.599999999999884,-68.18476643358946,-36.74426847074227,55.8289545112302,0.8275130645054283,0.3329563240619011,0.0,-31.830460463729604,-1.4935359371632184,0.5710249899436391,0.2345080138163585,0.13673306026080845,0.0,468.5111686101998,470.72058973365705,472.79416035043255,469.46922104020905
9.659999999999883,-70.13548284755458,-36.83219582351509,55.84720101771082,0.8418025040999098,0.34139800215260685,0.0,-33.207670497122294,-1.4446466716906166,0.030070145493159228,0.24459449322750024,0.1476214065053214,0.0,472.1993151170296,473.0558936889321,471.25848757921455,472.0906695381343
9.719999999999882,-72.17210633075523,-36.91817668528525,55.832014094344345,0.8560306179013795,0.3500906709501672,0.0,-34.695665391249534,-1.4300290063808954,-0.544210240407986,0.21491628692365866,0.13874044794800686,0.0,479.77037875604856,479.1132119969909,481.9728328044003,479.7740713589807
9.77999999999988,-74.30076774004255,-37.006369133671775,55.779651973691855,0.8683670029950363,0.35818467618106986,0.0,-36.27797200328157,-1.5190722074586336,-1.2090394591453868,0.17086666153018767,0.12584260160094354,0.0,461.9397033240559,460.93697281843623,465.3001670542171,461.87485028036974
9.839999999999879,-76.52739947480403,-37.10361826496214,55.68430650264064,0.8786462188213857,0.3653151075854435,0.0,-37.96438737503016,-1.732430184013343,-1.9768567786896118,0.17221111507865733,0.09872602258043632,0.0,438.4388960197348,436.19147186112235,436.86144549968805,437.0023053665184
9.899999999999878,-78.85965867832012,-37.21599231160648,55.54109349550319,0.8887347707466233,0.37102474320166934,0.0,-39.802702595745934,-2.0240696414015367,-2.8048315693391404,0.15843729573083265,0.08686294281107798,0.0,434.3112525165296,433.322443338583,433.0759416362395,431.9429624006183
9.959999999999877,-81.30706811294176,-37.34919201368,55.34568748879151,0.8983777998325468,0.37588987445198807,0.0,-41.807222431800355,-2.427757654565625,-3.717038713986564,0.1649207527256253,0.06586522719828887,0.0,417.81375765667826,415.9835722513388,416.9172605997573,417.51003169783496
10.019999999999875,-83.8805188297459,-37.510324996990356,55.0928559177548,0.9084685599046107,0.3799284967532204,0.0,-44.00976889748192,-2.9565105645758747,-4.719421601094378,0.1740008693578193,0.07005307327673367,0.0,398.51841407401923,398.9052182057465,396.9693697119759,397.8328727833104
